   1           "la"   14  336.843597 127.835831 778.315674
   2           "sp"   48   90.496140
   3         "l+am"    3   83.799187  15.991986  26.997107
   4       "i-ai+r"    5   34.059906  19.396429  20.600075
   5         "m+eh"    5   18.980610  28.333269  10.534607
   6       "t-eh+o"    5   15.576725   5.313700   8.168015
   7        "t-ein"    6   44.956146  54.419769 255.317627
   8         "lu+m"    5    9.999814   9.999814  96.555061
   9         "lu-m"    6   70.231834 103.657104  77.803902
  10       "a-lu+m"    6   27.002598  30.822338 194.084045
  11       "lu-m+i"    5   16.442778  10.962974  18.104645
  12         "eh+t"    6    8.938125   6.787293  37.988060
  13         "eh-o"    5   66.679199  30.161398 265.780273
  14          "sil"   32  166.999191  90.496140 803.866333
  15         "eu+r"    4   17.146311  70.007812  93.652443
  16         "eu-r"    4   19.313307  52.820778 196.209427
  17      "ff-i+ch"    5   10.917040   5.984560  13.640849
  18       "a-ff+i"    5   28.124743 112.850227 191.119797
  19       "m-eh+t"    5   19.111956  68.604767  29.126158
  20       "l-am+p"    3   10.002350  15.999885  32.563236
  21         "i-ch"    5   21.507265 134.831955  68.995644
  22         "a+ff"    5  151.017258   8.999931   8.001591
  23         "a+lu"    6  165.439499  11.999747 109.901192
  24       "m-i+ai"    5   45.382111  68.984566  51.502899
  25     "eh-t+ein"    6  105.773560  15.574941  85.153763
  26      "eh-t+eh"    5   77.012772  67.285912  13.118400
  27         "ai-r"    5   12.301877  17.001247 390.661377
  28         "am-p"    3   11.434302   9.004747  72.992363
